$ANSIBLE_VAULT;1.1;AES256
30616261633461633337643162653233653337333965643136333935363366303631306239336538
6430323636383837663831613463626366623437643636650a376465373761643934636538313863
62363538626431313366646566643764646232663864396233663636663761333138333638626366
6233633665646236390a363165386338656331386630353034366537383034633534353765313838
31363865613832363664393935353733663235396363336236633034383030303864373031336561
36303230333461646237646434306337366630626538623533323334616237336265336230363936
66646663386433663966623262656365323163393064626438656237356638306439653130613762
62306362623334336662316134383834353731653437653638386539623765636333613436366263
30646335646234643161353563386339636432393964643439316639366130623566366135653563
31333862653237616437623766373434353739306230396337333063623633313139613266633235
64616532636135633965393134393661383037623535663330303563663336653534653435303337
38616231313963613265316430303763356464663034353034376564616261396562396664323761
62393238373864323263306665363163643233383232356230373262303139663030666238333233
30393735336631343065393763306462646161626261343362363537396332613330333238306335
30313133633465383734316464656565306332643266396461326262656337646661613266323636
38373161363537643866336134386563343035363463656366323331323539326661386463653432
66646235346562626432653263656639346161656535373666353366376261333539323232346261
34306661633636366538366563326430326466383937393630323061623034623563393038353064
313663356664643066663039653738616130
